-0.134232 -0.153819 0.426280 -0.110769 0.270602 -0.197769 -0.116768 -0.159455 0.060741 0.464347
-0.103673 -0.610109 -0.027276 0.430980 -0.356651 -0.074085 0.018867 0.262031 -0.030993 -0.278768
-0.287820 0.013176 -0.232783 -0.052365 0.595517 -0.195380 0.266218 -0.129935 0.466684 0.066584
0.068356 -0.017783 -0.161126 -0.142764 0.451942 -0.093834 -0.182546 -0.127410 0.174898 0.228926
0.072088 0.180172 -0.132186 0.036856 -0.142169 0.064107 -0.036906 -0.096474 -0.223664 0.370343
-0.154259 0.723470 0.068803 -0.124521 -0.134260 0.050366 -0.199899 -0.030808 0.137844 -0.074668
0.241799 -0.103590 -0.002862 -0.177042 -0.118780 0.000006 -0.350641 0.389524 -0.210807 -0.223428
0.072825 -0.124020 -0.142110 0.171744 -0.126387 0.363067 0.206388 -0.089161 -0.072649 -0.225538
0.478558 -0.014048 0.102062 0.170604 -0.062556 0.143032 -0.179070 0.071529 -0.257562 -0.223794
0.250163 -0.334286 0.298403 0.015392 -0.219773 0.042219 0.128009 -0.113063 -0.248679 -0.167749
